334
643
251
689
690
281
563
382
060
508
535
533
A71
319
312
627
270
026
317
622
677
512
218
296
A78
734
763
948
204
807
B51
727
A03
227
167
168
001
002
768
693
868
392
156
869
233
302
135
033
072
004
133
305
B33
547
042
B48
B50
B49
110
716
018
B45
832
658
191
A04
192
A05
239
758
849
680
006
728
930
335
007
850
153
851
606
602
523
729
B20
193
818
872
B52
806
857
960
783
953
008
009
174
011
102
666
875
180
012
013
202
801
210
B21
952
100
700
876
014
173
172
328
339
504
278
A15
B13
617
616
812
717
865
381
015
101
196
016
261
145
164
862
668
114
160
235
718
852
545
B38
699
719
A19
B46
B39
A20
017
124
267
667
040
228
944
895
A81
232
756
853
781
B59
550
877
597
B55
670
A22
B22
255
021
564
878
134
294
295
911
910
022
907
906
612
A23
023
708
558
259
786
A88
353
244
024
215
369
155
324
664
588
025
A43
707
507
975
A25
338
879
299
144
047
209
028
A27
B62
B58
880
651
337
A28
881
787
171
775
882
315
031
262
656
103
330
125
735
527
079
117
032
029
104
B40
220
839
115
900
901
902
034
615
035
B53
200
714
883
721
730
858
830
107
802
945
175
111
884
066
036
037
038
364
B69
722
293
603
542
B64
236
271
A30
639
885
B41
391
856
777
811
808
886
552
243
177
840
546
039
A82
870
A32
871
292
B54
280
229
B23
B30
834
701
836
736
835
797
950
B63
297
126
163
B32
397
723
866
B09
887
A33
632
176
041
653
798
799
044
143
841
321
757
954
633
B10
754
043
854
604
753
967
A35
867
626
842
A36
258
637
946
257
855
843
B14
B15
650
B42
A38
A39
048
859
199
050
129
051
052
109
128
053
094
318
620
662
A42
747
242
095
121
607
B07
845
654
715
863
888
170
724
197
195
159
889
055
276
056
543
702
283
860
844
181
187
185
186
069
579
578
058
059
352
778
343
682
046
326
679
231
303
A44
B08
594
B18
061
062
331
725
158
803
955
207
206
287
596
800
349
789
A45
178
737
063
625
A46
537
890
219
245
831
713
064
246
A48
150
065
057
161
956
230
351
387
396
316
376
388
748
539
791
068
848
377
083
148
166
672
165
203
286
347
247
329
070
846
580
587
562
892
A52
833
669
593
814
224
A53
674
385
942
249
540
675
341
623
333
636
310
264
162
198
027
613
847
893
B61
595
553
075
B56
961
B16
B24
809
661
B29
B57
304
750
556
105
020
A57
099
965
313
149
837
327
097
082
122
323
311
116
049
086
085
609
793
909
908
A58
A59
780
147
B26
749
088
152
205
894
678
738
534
108
096
947
676
157
B68
B43
B12
794
726
943
949
250
610
611
089
B70
649
090
A85
755
621
608
638
A86
536
217
130
646
731
804
795
796
838
A61
864
151
A62
915
194
773
080
A63
631
201
529
861
092
093
B44
